-8.000000000000000000e+00
-7.448275862068965303e+00
-6.896551724137930606e+00
-6.344827586206896797e+00
-5.793103448275862100e+00
-5.241379310344827402e+00
-4.689655172413793593e+00
-4.137931034482758896e+00
-3.586206896551724199e+00
-3.034482758620689502e+00
-2.482758620689654805e+00
-1.931034482758620996e+00
-1.379310344827586299e+00
-8.275862068965516016e-01
-2.758620689655177927e-01
2.758620689655177927e-01
8.275862068965516016e-01
1.379310344827585411e+00
1.931034482758620996e+00
2.482758620689654805e+00
3.034482758620690390e+00
3.586206896551724199e+00
4.137931034482758008e+00
4.689655172413793593e+00
5.241379310344827402e+00
5.793103448275861211e+00
6.344827586206896797e+00
6.896551724137930606e+00
7.448275862068964415e+00
8.000000000000000000e+00
